[LEFT_CAM_2K]
fx=1066.48
fy=1066.81
cx=1107.53
cy=644.552
k1=-0.0515879
k2=0.0269471
p1=0.000416597
p2=0.00030082
k3=-0.0111519

[RIGHT_CAM_2K]
fx=1064.52
fy=1065.29
cx=1087.23
cy=638.207
k1=-0.0539947
k2=0.0305198
p1=0.000799409
p2=-0.000198521
k3=-0.0127123

[LEFT_CAM_FHD]
fx=1066.48
fy=1066.81
cx=963.53
cy=563.552
k1=-0.0515879
k2=0.0269471
p1=0.000416597
p2=0.00030082
k3=-0.0111519

[RIGHT_CAM_FHD]
fx=1064.52
fy=1065.29
cx=943.23
cy=557.207
k1=-0.0539947
k2=0.0305198
p1=0.000799409
p2=-0.000198521
k3=-0.0127123

[LEFT_CAM_HD]
fx=533.24
fy=533.405
cx=640.265
cy=370.276
k1=-0.0515879
k2=0.0269471
p1=0.000416597
p2=0.00030082
k3=-0.0111519

[RIGHT_CAM_HD]
fx=532.26
fy=532.645
cx=630.115
cy=367.1035
k1=-0.0539947
k2=0.0305198
p1=0.000799409
p2=-0.000198521
k3=-0.0127123

[LEFT_CAM_VGA]
fx=266.62
fy=266.7025
cx=335.6325
cy=192.638
k1=-0.0515879
k2=0.0269471
p1=0.000416597
p2=0.00030082
k3=-0.0111519

[RIGHT_CAM_VGA]
fx=266.13
fy=266.3225
cx=330.5575
cy=191.05175
k1=-0.0539947
k2=0.0305198
p1=0.000799409
p2=-0.000198521
k3=-0.0127123

[LEFT_DISTO]
k1=-1.45084
k2=2.86847
k3=0.135992
k4=-1.36012
k5=2.71011
k6=0.313186
p1=0.00061656
p2=0.000182453

[RIGHT_DISTO]
k1=-1.60621
k2=3.2484
k3=-0.0255991
k4=-1.52124
k5=3.10147
k6=0.147531
p1=0.000945242
p2=0.000147613

[STEREO]
Baseline=119.848
TY=-0.352025
TZ=0.534869
CV_2K=0.00418513
CV_FHD=0.00418513
CV_HD=0.00418513
CV_VGA=0.00418513
RX_2K=0.00302055
RX_FHD=0.00302055
RX_HD=0.00302055
RX_VGA=0.00302055
RZ_2K=0.00310142
RZ_FHD=0.00310142
RZ_HD=0.00310142
RZ_VGA=0.00310142

[MISC]
Sensor_ID=0
