[LEFT_CAM_FHD]
cx = 974.584
cy = 612.68
fx = 737.118
fy = 737.085
k1 = -0.005643106304680097
k2 = -0.04613633865985787
k3 = 0.014788022640489918
p1 = 0.00013427180750958065
p2 = 0.000311206091784389


[LEFT_CAM_FHD1200]
cx = 974.584
cy = 552.68
fx = 737.118
fy = 737.085
k1 = -0.005643106304680097
k2 = -0.04613633865985787
k3 = 0.014788022640489918
p1 = 0.00013427180750958065
p2 = 0.000311206091784389


[LEFT_CAM_SVGA]
cx = 487.292
cy = 306.34
fx = 368.559
fy = 368.543
k1 = -0.005643106304680097
k2 = -0.04613633865985787
k3 = 0.014788022640489918
p1 = 0.00013427180750958065
p2 = 0.000311206091784389


[LEFT_DISTO]
k1 = 3.4325927279161563
k2 = 3.544964710695617
k3 = 0.7734404461442601
k4 = 3.4493117614944837
k5 = 3.536503403772646
k6 = 1.1025569184041366
p1 = 0.0001080906112187043
p2 = 0.00034393218332527106


[MISC]
Sensor_ID = 1


[RIGHT_CAM_FHD]
cx = 952.203
cy = 579.56
fx = 737.599
fy = 737.411
k1 = -0.011644211970573087
k2 = -0.03446171529477812
k3 = 0.009449363842105223
p1 = -0.00025158205901685437
p2 = -1.601647386337792e-05


[RIGHT_CAM_FHD1200]
cx = 952.203
cy = 519.56
fx = 737.599
fy = 737.411
k1 = -0.011644211970573087
k2 = -0.03446171529477812
k3 = 0.009449363842105223
p1 = -0.00025158205901685437
p2 = -1.601647386337792e-05


[RIGHT_CAM_SVGA]
cx = 476.102
cy = 289.78
fx = 368.799
fy = 368.705
k1 = -0.011644211970573087
k2 = -0.03446171529477812
k3 = 0.009449363842105223
p1 = -0.00025158205901685437
p2 = -1.601647386337792e-05


[RIGHT_DISTO]
k1 = 0.22316168583513796
k2 = 0.44687790182453363
k3 = -0.017913936014400843
k4 = 0.22422962913800798
k5 = 0.49713431927053703
k6 = -0.007956858919765608
p1 = -0.000263978919328771
p2 = -1.6240159160712232e-05


[STEREO]
Baseline = 96.5465
CV_FHD = -0.00649889
CV_FHD1200 = -0.00649889
CV_SVGA = -0.00649889
RX_FHD = -0.00160465
RX_FHD1200 = -0.00160465
RX_SVGA = -0.00160465
RZ_FHD = -0.000338429
RZ_FHD1200 = -0.000338429
RZ_SVGA = -0.000338429
TY = 0.154993
TZ = -0.460418


[LEFT_CAM_VGA]
fx = 351.250000
fy = 351.250000
cx = 334.250000
cy = 186.250000


[RIGHT_CAM_VGA]
fx = 351.250000
fy = 351.250000
cx = 334.250000
cy = 186.250000
