[LEFT_CAM_FHD]
cx = 973.838
cy = 595.853
fx = 742.696
fy = 742.894
k1 = -0.0017388454017429765
k2 = -0.05135136385205364
k3 = 0.018002525767767445
p1 = -4.901526708441068e-05
p2 = 7.529832735358121e-05


[LEFT_CAM_FHD1200]
cx = 973.838
cy = 535.853
fx = 742.696
fy = 742.894
k1 = -0.0017388454017429765
k2 = -0.05135136385205364
k3 = 0.018002525767767445
p1 = -4.901526708441068e-05
p2 = 7.529832735358121e-05


[LEFT_CAM_SVGA]
cx = 486.919
cy = 297.927
fx = 371.348
fy = 371.447
k1 = -0.0017388454017429765
k2 = -0.05135136385205364
k3 = 0.018002525767767445
p1 = -4.901526708441068e-05
p2 = 7.529832735358121e-05


[LEFT_DISTO]
k1 = 2.675681413374988
k2 = 2.793813348460074
k3 = 0.7390149421907043
k4 = 2.6897551406441615
k5 = 2.789038739617845
k6 = 0.9940241504973053
p1 = -0.00011340278731885179
p2 = 0.00012372317648635608


[MISC]
Sensor_ID = 1


[RIGHT_CAM_FHD]
cx = 964.927
cy = 602.498
fx = 738.193
fy = 738.258
k1 = -0.0005965345717048424
k2 = -0.050415878106735264
k3 = 0.01627959228038135
p1 = -0.0001392298076543885
p2 = -0.0001475244168605054


[RIGHT_CAM_FHD1200]
cx = 964.927
cy = 542.498
fx = 738.193
fy = 738.258
k1 = -0.0005965345717048424
k2 = -0.050415878106735264
k3 = 0.01627959228038135
p1 = -0.0001392298076543885
p2 = -0.0001475244168605054


[RIGHT_CAM_SVGA]
cx = 482.464
cy = 301.249
fx = 369.097
fy = 369.129
k1 = -0.0005965345717048424
k2 = -0.050415878106735264
k3 = 0.01627959228038135
p1 = -0.0001392298076543885
p2 = -0.0001475244168605054


[RIGHT_DISTO]
k1 = 1.0392467536575982
k2 = 0.7802013083820234
k3 = 0.13039546597612334
k4 = 1.0344645523466198
k5 = 0.8352020961396993
k6 = 0.18452054139884372
p1 = -9.4042793288135e-05
p2 = -0.0001341439879101611


[STEREO]
Baseline = 96.4768
CV_FHD = -0.00438057
CV_FHD1200 = -0.00438057
CV_SVGA = -0.00438057
RX_FHD = 0.000524991
RX_FHD1200 = 0.000524991
RX_SVGA = 0.000524991
RZ_FHD = 0.000888337
RZ_FHD1200 = 0.000888337
RZ_SVGA = 0.000888337
TY = 0.153393
TZ = -0.450969


[LEFT_CAM_VGA]
fx = 351.250000
fy = 351.250000
cx = 334.250000
cy = 186.250000


[RIGHT_CAM_VGA]
fx = 351.250000
fy = 351.250000
cx = 334.250000
cy = 186.250000
