[LEFT_CAM_FHD]
cx = 970.826
cy = 615.388
fx = 740.294
fy = 740.666
k1 = -0.004324792836863234
k2 = -0.044924273051576244
k3 = 0.014128446052889002
p1 = -0.00015804802069500418
p2 = 8.446305090471108e-05


[LEFT_CAM_FHD1200]
cx = 970.826
cy = 555.388
fx = 740.294
fy = 740.666
k1 = -0.004324792836863234
k2 = -0.044924273051576244
k3 = 0.014128446052889002
p1 = -0.00015804802069500418
p2 = 8.446305090471108e-05


[LEFT_CAM_SVGA]
cx = 485.413
cy = 307.694
fx = 370.147
fy = 370.333
k1 = -0.004324792836863234
k2 = -0.044924273051576244
k3 = 0.014128446052889002
p1 = -0.00015804802069500418
p2 = 8.446305090471108e-05


[LEFT_DISTO]
k1 = 0.1099635369168511
k2 = 0.9262618078238998
k3 = 0.024117795706946374
k4 = 0.11701613084970178
k5 = 0.9512033686427923
k6 = 0.06695098248315273
p1 = -0.00025727276214196847
p2 = 0.00014850850108150351


[MISC]
Sensor_ID = 1


[RIGHT_CAM_FHD]
cx = 973.085
cy = 604.875
fx = 739.865
fy = 739.852
k1 = -0.004010291097564468
k2 = -0.04379502094552287
k3 = 0.013218838686316696
p1 = -0.00021885868880579663
p2 = 0.000343442064376711


[RIGHT_CAM_FHD1200]
cx = 973.085
cy = 544.875
fx = 739.865
fy = 739.852
k1 = -0.004010291097564468
k2 = -0.04379502094552287
k3 = 0.013218838686316696
p1 = -0.00021885868880579663
p2 = 0.000343442064376711


[RIGHT_CAM_SVGA]
cx = 486.542
cy = 302.437
fx = 369.933
fy = 369.926
k1 = -0.004010291097564468
k2 = -0.04379502094552287
k3 = 0.013218838686316696
p1 = -0.00021885868880579663
p2 = 0.000343442064376711


[RIGHT_DISTO]
k1 = -0.2933063975183577
k2 = 0.36231825829363784
k3 = -0.10650442590903463
k4 = -0.2923273957993277
k5 = 0.40673992540808734
k6 = -0.11757978788348175
p1 = -0.00023048542517665416
p2 = 0.00030842271826529103


[STEREO]
Baseline = 96.4257
CV_FHD = -0.0054118
CV_FHD1200 = -0.0054118
CV_SVGA = -0.0054118
RX_FHD = -0.00019205
RX_FHD1200 = -0.00019205
RX_SVGA = -0.00019205
RZ_FHD = -0.000623072
RZ_FHD1200 = -0.000623072
RZ_SVGA = -0.000623072
TY = 0.186385
TZ = -0.385098


[LEFT_CAM_VGA]
fx = 351.250000
fy = 351.250000
cx = 334.250000
cy = 186.250000


[RIGHT_CAM_VGA]
fx = 351.250000
fy = 351.250000
cx = 334.250000
cy = 186.250000
