[LEFT_CAM_FHD]
cx = 967.386
cy = 621.871
fx = 739.738
fy = 739.836
k1 = -0.006431271312612757
k2 = -0.040943310019251125
k3 = 0.011960269432213276
p1 = 0.00018106696256736828
p2 = 0.00010602951664724419


[LEFT_CAM_FHD1200]
cx = 967.386
cy = 561.871
fx = 739.738
fy = 739.836
k1 = -0.006431271312612757
k2 = -0.040943310019251125
k3 = 0.011960269432213276
p1 = 0.00018106696256736828
p2 = 0.00010602951664724419


[LEFT_CAM_SVGA]
cx = 483.693
cy = 310.935
fx = 369.869
fy = 369.918
k1 = -0.006431271312612757
k2 = -0.040943310019251125
k3 = 0.011960269432213276
p1 = 0.00018106696256736828
p2 = 0.00010602951664724419


[LEFT_DISTO]
k1 = 0.22247792018172646
k2 = 1.2620160006330081
k3 = 0.03875958771483211
k4 = 0.22873481553596214
k5 = 1.2831315103771448
k6 = 0.10324835523379826
p1 = 0.00010103001363269456
p2 = 6.437758820487441e-05


[MISC]
Sensor_ID = 1


[RIGHT_CAM_FHD]
cx = 964.97
cy = 617.332
fx = 741.345
fy = 741.305
k1 = -0.004702661745079126
k2 = -0.043820573013860074
k3 = 0.013343884779934726
p1 = -0.00013491302983219014
p2 = -9.248572284493359e-05


[RIGHT_CAM_FHD1200]
cx = 964.97
cy = 557.332
fx = 741.345
fy = 741.305
k1 = -0.004702661745079126
k2 = -0.043820573013860074
k3 = 0.013343884779934726
p1 = -0.00013491302983219014
p2 = -9.248572284493359e-05


[RIGHT_CAM_SVGA]
cx = 482.485
cy = 308.666
fx = 370.672
fy = 370.653
k1 = -0.004702661745079126
k2 = -0.043820573013860074
k3 = 0.013343884779934726
p1 = -0.00013491302983219014
p2 = -9.248572284493359e-05


[RIGHT_DISTO]
k1 = -0.33581264677303374
k2 = 0.16799795895070885
k3 = -0.12500147101530995
k4 = -0.33516670700710316
k5 = 0.21766535941049017
k6 = -0.1498968321803414
p1 = -0.000108738253325781
p2 = -4.16405300781977e-05


[STEREO]
Baseline = 96.4414
CV_FHD = -0.00512793
CV_FHD1200 = -0.00512793
CV_SVGA = -0.00512793
RX_FHD = -0.00133245
RX_FHD1200 = -0.00133245
RX_SVGA = -0.00133245
RZ_FHD = -0.000307136
RZ_FHD1200 = -0.000307136
RZ_SVGA = -0.000307136
TY = 0.178055
TZ = -0.414584


[LEFT_CAM_VGA]
fx = 351.250000
fy = 351.250000
cx = 334.250000
cy = 186.250000


[RIGHT_CAM_VGA]
fx = 351.250000
fy = 351.250000
cx = 334.250000
cy = 186.250000
